function [ cmap ] = blue_red_white_cmap(  )
%BLUE_RED_WHITE_CMAP Returns a colormap with a wide white space in the middle
%   Useful for showing differences that are significant above certain
%   values. May take some manual tweaking once applied.

cmap = [0 0 1;
        0.0271372552961111 0.0368627458810806 1;
        0.0542745105922222 0.0737254917621613 1;
        0.0814117640256882 0.110588237643242 1;
        0.108549021184444 0.147450983524323 1;
        0.135686278343201 0.184313729405403 1;
        0.162823528051376 0.221176475286484 1;
        0.189960792660713 0.258039206266403 1;
        0.217098042368889 0.294901967048645 1;
        0.244235306978226 0.331764698028564 1;
        0.271372556686401 0.368627458810806 1;
        0.298509806394577 0.405490189790726 1;
        0.325647056102753 0.442352950572968 1;
        0.352784335613251 0.479215681552887 1;
        0.379921585321426 0.516078412532806 1;
        0.407058835029602 0.552941203117371 1;
        0.434196084737778 0.58980393409729 1;
        0.461333334445953 0.626666665077209 1;
        0.488470613956451 0.663529396057129 1;
        0.515607833862305 0.700392186641693 1;
        0.542745113372803 0.737254917621613 1;
        0.569882392883301 0.774117648601532 1;
        0.597019612789154 0.810980379581451 1;
        0.624156892299652 0.847843170166016 1;
        0.651294112205505 0.884705901145935 1;
        0.678431391716003 0.921568632125854 1;
        1 1 1;
        1 1 1;
        1 1 1;
        1 1 1;
        1 1 1;
        1 1 1;
        1 1 1;
        1 1 1;
        1 1 1;
        1 1 1;
        1 1 1;
        1 1 1;
        1 0.600000023841858 0.7843137383461;
        1 0.576000034809113 0.752941191196442;
        1 0.552000045776367 0.721568644046783;
        1 0.527999997138977 0.690196096897125;
        1 0.504000008106232 0.658823549747467;
        1 0.480000019073486 0.627451002597809;
        1 0.456000030040741 0.596078455448151;
        1 0.432000011205673 0.564705908298492;
        1 0.408000022172928 0.533333361148834;
        1 0.38400000333786 0.501960813999176;
        1 0.360000014305115 0.470588237047195;
        1 0.336000025272369 0.439215689897537;
        1 0.312000006437302 0.407843142747879;
        1 0.288000017404556 0.376470595598221;
        1 0.263999998569489 0.345098048448563;
        1 0.240000009536743 0.313725501298904;
        1 0.216000005602837 0.282352954149246;
        1 0.19200000166893 0.250980406999588;
        1 0.168000012636185 0.219607844948769;
        1 0.144000008702278 0.18823529779911;
        1 0.120000004768372 0.156862750649452;
        1 0.096000000834465 0.125490203499794;
        1 0.0720000043511391 0.0941176488995552;
        1 0.0480000004172325 0.062745101749897;
        1 0.0240000002086163 0.0313725508749485;
        1 0 0];


end

