function [ cmap ] = blue_red_cmap(  )
%BLUE_RED_CMAP Returns a blue and red colormap with white as the middle.
%   Useful for showing differences.

cmap = [0 0 1;
        0.03125 0.03125 1;
        0.0625 0.0625 1;
        0.09375 0.09375 1;
        0.125 0.125 1;
        0.15625 0.15625 1;
        0.1875 0.1875 1;
        0.21875 0.21875 1;
        0.25 0.25 1;
        0.28125 0.28125 1;
        0.3125 0.3125 1;
        0.34375 0.34375 1;
        0.375 0.375 1;
        0.40625 0.40625 1;
        0.4375 0.4375 1;
        0.46875 0.46875 1;
        0.5 0.5 1;
        0.53125 0.53125 1;
        0.5625 0.5625 1;
        0.59375 0.59375 1;
        0.625 0.625 1;
        0.65625 0.65625 1;
        0.6875 0.6875 1;
        0.71875 0.71875 1;
        0.75 0.75 1;
        0.78125 0.78125 1;
        0.8125 0.8125 1;
        0.84375 0.84375 1;
        0.875 0.875 1;
        0.90625 0.90625 1;
        0.9375 0.9375 1;
        0.96875 0.96875 1;
        1 1 1;
        1 0.967741906642914 0.967741906642914;
        1 0.935483872890472 0.935483872890472;
        1 0.903225779533386 0.903225779533386;
        1 0.870967745780945 0.870967745780945;
        1 0.838709652423859 0.838709652423859;
        1 0.806451618671417 0.806451618671417;
        1 0.774193525314331 0.774193525314331;
        1 0.74193549156189 0.74193549156189;
        1 0.709677398204803 0.709677398204803;
        1 0.677419364452362 0.677419364452362;
        1 0.645161271095276 0.645161271095276;
        1 0.612903237342834 0.612903237342834;
        1 0.580645143985748 0.580645143985748;
        1 0.548387110233307 0.548387110233307;
        1 0.516129016876221 0.516129016876221;
        1 0.483870953321457 0.483870953321457;
        1 0.451612889766693 0.451612889766693;
        1 0.419354826211929 0.419354826211929;
        1 0.387096762657166 0.387096762657166;
        1 0.354838699102402 0.354838699102402;
        1 0.322580635547638 0.322580635547638;
        1 0.290322571992874 0.290322571992874;
        1 0.25806450843811 0.25806450843811;
        1 0.225806444883347 0.225806444883347;
        1 0.193548381328583 0.193548381328583;
        1 0.161290317773819 0.161290317773819;
        1 0.129032254219055 0.129032254219055;
        1 0.0967741906642914 0.0967741906642914;
        1 0.0645161271095276 0.0645161271095276;
        1 0.0322580635547638 0.0322580635547638;
        1 0 0];



end

