function [ cmap ] = blue_red_only_cmap(  )
%BLUE_RED_ONLY_CMAP Returns a blue and red colormap that does not go through white
%   Useful for showing differences that can also be NaN as NaNs always show
%   up as white.

cmap = [0 0 1;
    0.0259329546242952 0.0283364970237017 0.998987972736359;
    0.0518659092485905 0.0566729940474033 0.997975945472717;
    0.0777988657355309 0.0850094854831696 0.996963918209076;
    0.103731818497181 0.113345988094807 0.995951950550079;
    0.12966476380825 0.141682475805283 0.994939923286438;
    0.155597731471062 0.170018970966339 0.993927896022797;
    0.181530684232712 0.198355466127396 0.992915868759155;
    0.207463636994362 0.226691976189613 0.991903841495514;
    0.233396589756012 0.255028456449509 0.990891814231873;
    0.259329527616501 0.283364951610565 0.989879846572876;
    0.285262495279312 0.311701446771622 0.988867819309235;
    0.311195462942123 0.340037941932678 0.987855792045593;
    0.337128400802612 0.368374437093735 0.986843764781952;
    0.363061368465424 0.396710932254791 0.985831737518311;
    0.388994306325912 0.425047427415848 0.984819710254669;
    0.414927273988724 0.453383952379227 0.983807742595673;
    0.440860211849213 0.481720447540283 0.982795715332031;
    0.466793179512024 0.510056912899017 0.98178368806839;
    0.492726117372513 0.538393437862396 0.980771660804749;
    0.518659055233002 0.56672990322113 0.979759633541107;
    0.544592022895813 0.595066428184509 0.978747606277466;
    0.570524990558624 0.623402893543243 0.977735638618469;
    0.596457958221436 0.651739418506622 0.976723611354828;
    0.622390925884247 0.680075883865356 0.975711584091187;
    0.648323833942413 0.708412408828735 0.974699556827545;
    0.674256801605225 0.736748874187469 0.973687529563904;
    0.700189769268036 0.765085399150848 0.972675502300262;
    0.726122736930847 0.793421864509583 0.971663534641266;
    0.752055644989014 0.821758389472961 0.970651507377625;
    0.777988612651825 0.850094854831696 0.969639480113983;
    0.803921580314636 0.878431379795074 0.968627452850342;
    1 0.800000011920929 1;
    1 0.774193584918976 0.967741906642914;
    1 0.748387098312378 0.935483872890472;
    1 0.722580671310425 0.903225779533386;
    1 0.696774184703827 0.870967745780945;
    1 0.670967757701874 0.838709652423859;
    1 0.645161271095276 0.806451618671417;
    1 0.619354844093323 0.774193525314331;
    1 0.59354841709137 0.74193549156189;
    1 0.567741930484772 0.709677398204803;
    1 0.541935503482819 0.677419364452362;
    1 0.516129016876221 0.645161271095276;
    1 0.490322589874268 0.612903237342834;
    1 0.464516133069992 0.580645143985748;
    1 0.438709676265717 0.548387110233307;
    1 0.412903219461441 0.516129016876221;
    1 0.387096792459488 0.483870953321457;
    1 0.361290335655212 0.451612889766693;
    1 0.335483878850937 0.419354826211929;
    1 0.309677422046661 0.387096762657166;
    1 0.283870965242386 0.354838699102402;
    1 0.25806450843811 0.322580635547638;
    1 0.232258066534996 0.290322571992874;
    1 0.206451609730721 0.25806450843811;
    1 0.180645167827606 0.225806444883347;
    1 0.154838711023331 0.193548381328583;
    1 0.129032254219055 0.161290317773819;
    1 0.10322580486536 0.129032254219055;
    1 0.0774193555116653 0.0967741906642914;
    1 0.0516129024326801 0.0645161271095276;
    1 0.0258064512163401 0.0322580635547638;
    1 0 0];


end

