function [ cmap ] = four_color_cmap(  )
%FOUR_COLOR_CMAP Colormap with four distinct color gradients
%   Also possibly useful for showing significant/not significant changes,
%   will likely require manual tweaking to get the range right.

cmap = [0 0 1;
        0 0.0666666701436043 1;
        0 0.133333340287209 1;
        0 0.200000002980232 1;
        0 0.266666680574417 1;
        0 0.333333343267441 1;
        0 0.400000005960464 1;
        0 0.466666668653488 1;
        0 0.533333361148834 1;
        0 0.600000023841858 1;
        0 0.666666686534882 1;
        0 0.733333349227905 1;
        0 0.800000011920929 1;
        0 0.866666674613953 1;
        0 0.933333337306976 1;
        0 1 1;
        0 0.498039215803146 0;
        0 0.531503260135651 0;
        0 0.564967334270477 0;
        0 0.598431348800659 0;
        0 0.631895422935486 0;
        0 0.665359497070312 0;
        0 0.698823511600494 0;
        0 0.732287585735321 0;
        0 0.765751659870148 0;
        0 0.79921567440033 0;
        0 0.832679748535156 0;
        0 0.866143763065338 0;
        0 0.899607837200165 0;
        0 0.933071911334991 0;
        0 0.966535925865173 0;
        0 1 0;
        1 1 0;
        0.983267962932587 0.983267962932587 0;
        0.966535925865173 0.966535925865173 0;
        0.949803948402405 0.949803948402405 0;
        0.933071911334991 0.933071911334991 0;
        0.916339874267578 0.916339874267578 0;
        0.899607837200165 0.899607837200165 0;
        0.882875800132751 0.882875800132751 0;
        0.866143822669983 0.866143822669983 0;
        0.84941178560257 0.84941178560257 0;
        0.832679748535156 0.832679748535156 0;
        0.815947711467743 0.815947711467743 0;
        0.79921567440033 0.79921567440033 0;
        0.782483696937561 0.782483696937561 0;
        0.765751659870148 0.765751659870148 0;
        0.749019622802734 0.749019622802734 0;
        1 0 0;
        0.973333358764648 0 0.0133333336561918;
        0.946666657924652 0 0.0266666673123837;
        0.920000016689301 0 0.0399999991059303;
        0.893333315849304 0 0.0533333346247673;
        0.866666674613953 0 0.0666666701436043;
        0.840000033378601 0 0.0799999982118607;
        0.813333332538605 0 0.0933333337306976;
        0.786666691303253 0 0.106666669249535;
        0.759999990463257 0 0.120000004768372;
        0.733333349227905 0 0.133333340287209;
        0.706666707992554 0 0.146666675806046;
        0.680000007152557 0 0.159999996423721;
        0.653333365917206 0 0.173333331942558;
        0.626666665077209 0 0.186666667461395;
        0.600000023841858 0 0.200000002980232];


end

