function [ pressures ] = BEHR_std_pres(  )
%PRESSURES = BEHR_STD_PRES() 
%   Returns standard pressure in BEHR algorithm as a row vector.
pressures = [1020 1015 1010 1005 1000 990 980 970 960 945 925 900 875 850 825 800 770 740 700 660 610 560 500 450 400 350 280 200];% 100 50 20 5];


end

