function preslev = OMNO2PresLev

%Returns the pressure levels used in the OMNO2 algorithm as a row vector.

preslev = [1020.00, 1010.00, 1000.00, 990.000, 975.000, 960.000, 945.000, 925.000,...
            900.000, 875.000, 850.000, 825.000, 800.000, 770.000, 740.000, 700.000,...
            660.000, 610.000, 560.000, 500.000, 450.000, 400.000, 350.000, 280.000,...
            200.000, 120.000, 60.0000, 35.0000, 20.0000, 12.0000, 8.00000, 5.00000,...
            3.00000, 1.50000, 0.8000000];

end